>> part2_hwDataset2
>> bestCiIndex
Undefined function or variable 'bestCiIndex'.
 
Did you mean:
>> bestCIndex

bestCIndex =

     5

>> bestSigmaIndex

bestSigmaIndex =

     5

>> C(bestCIndex)
Undefined function or variable 'C'.
 
Did you mean:
>> c(bestCIndex)
Index exceeds matrix dimensions.
 
>> parameters(bestCIndex)

ans =

     1

>> parameters(bestSigmaIndex)

ans =

     1

>> resultMeanTest(bestCIndex,bestSigmaIndex)

ans =

   94.5476

>> resultMeanTest

resultMeanTest =

   53.0238   52.9762   53.0714   53.1190   58.6905   53.1905   52.8333   53.0714
   53.2619   53.2143   53.0476   61.5476   92.2619   92.1667   52.9762   53.0714
   52.9762   52.9762   53.0238   93.4286   93.6429   92.0476   88.0476   52.9762
   53.1190   53.2619   66.5238   93.8810   94.2619   92.7381   92.4048   53.0476
   55.0952   62.4524   87.1667   93.8571   94.5476   92.5714   91.8095   63.3810
   55.2143   63.8095   87.5476   93.6190   93.8571   93.5714   92.6905   92.2143
   55.2857   63.9524   87.5714   93.5714   93.8333   93.5000   92.4762   92.2143
   55.3810   64.0238   87.3571   91.2857   93.9524   93.2381   93.0714   92.3810

>> resultVarianceTest

resultVarianceTest =

   40.7539   68.0702   61.5331   62.4951   97.8464   48.4688   56.6544   53.9746
   39.4712   51.5787   61.2795   94.7542   18.4813   12.1733   55.2435   71.4967
   54.4418   38.8666   63.5442   12.3823   13.8637   13.5390   59.6647   52.0368
   48.2942   55.7336  108.8916   12.3978   11.1197   14.4730   13.9370   44.1009
   60.9290   76.1418   29.8787   13.0763   10.3409   15.4928   15.2683  151.1464
   78.0704   75.8148   21.0558   11.5532   13.6490   12.7694   13.1995   15.2151
   51.4877   60.4709   22.7422   13.6856   12.8376   13.2682   17.4901   15.6732
   58.0201   53.3561   31.8027   18.8071   12.3022   17.4901   11.3487   19.3545

>> resultMeanTrain

resultMeanTrain =

   53.0238   53.4048   53.0714   53.1190   60.0238   53.1905   52.8333   53.0714
   53.2619   53.2143   53.0476   65.2513   93.5238   92.5952   52.9762   53.0714
   52.9762   52.9762   53.0238   94.7381   94.4550   92.5820   89.0026   52.9762
   55.2063   58.2037   96.3439   95.3095   94.8016   93.1640   92.4868   53.0476
  100.0000   99.9444   99.1614   95.5026   95.3042   93.1931   92.2884   64.4418
  100.0000  100.0000   99.8122   95.5767   95.0503   93.8228   92.9947   92.5212
  100.0000  100.0000   99.8042   95.9550   94.9101   93.8862   92.9418   92.4762
  100.0000  100.0000  100.0000   97.0053   95.1508   93.6323   93.5979   92.7910

>> resultVarianceTrain

resultVarianceTrain =

    0.6281   22.9198    0.7987    0.8558   12.1663    0.7024    0.7611    0.7393
    0.6010    0.8319    0.9466   14.9014    0.4418    0.3259    0.8093    0.9783
    0.7428    0.5505    0.8529    0.3067    0.2728    0.4000   21.9395    0.6905
    1.3925   18.8137    5.7974    0.2387    0.2352    0.2442    0.3817    0.7232
         0    0.0117    0.0679    0.2163    0.1999    0.3236    0.4445   26.1229
         0         0    0.0146    0.2164    0.2083    0.3229    0.3117    0.5809
         0         0    0.0136    0.1687    0.3070    0.2204    0.3307    0.4020
         0         0         0    0.1949    0.2404    0.2266    0.2149    0.3455

>> 