>> bestCIndex

bestCIndex =

     4

>> bestSigmaIndex

bestSigmaIndex =

     7

>> parameters(bestCIndex)

ans =

    0.4000

>> parameters(bestSigmaIndex)

ans =

    10

>> resultMeanTest

resultMeanTest =

   55.5714   55.5357   55.5000   55.3214   55.4643   55.3929   55.4286   55.5000
   55.5357   55.3571   55.6786   55.3571   55.6786   72.7143   55.8571   55.4643
   55.8214   55.8571   55.4643   55.4643   55.5000   83.8929   81.1071   55.6071
   55.9643   55.1786   55.5357   55.6429   55.5357   83.8214   85.0000   55.3571
   58.6071   58.6071   58.3214   58.5357   62.2857   83.5714   84.6429   76.4286
   58.4286   58.2143   58.7500   58.6786   63.3571   82.2143   84.3571   84.8214
   58.8214   58.5714   58.5714   58.3571   63.0000   80.7143   83.6071   84.6786
   58.6429   58.5357   59.0000   58.2143   63.6071   79.5357   82.6071   83.8571

>> resultVarianceTest

resultVarianceTest =

   82.2820   77.4003   83.0808   87.7384   76.6479   79.4926   91.5997   67.8778
   76.8849   67.3830   84.2855   70.4752   93.0465  103.4632   83.6219   68.4021
   90.8717   72.0264   74.0711   70.2059   90.0381   34.6565   59.0845   67.3199
   74.4834   71.9890   87.4498   90.2340   87.1921   45.4687   47.6706   80.7823
   86.3469   95.1080  110.5584   96.3448   84.3434   43.8054   39.2960   86.3224
  122.7891   97.2738   90.7996  101.3335   97.5624   42.7695   48.6446   32.8218
   79.2246   87.0954  103.3292  121.4234   93.6714   66.2235   38.4186   26.6169
   80.6999  106.1366   69.1816   75.3711   91.9127   73.9165   40.1090   49.5980

>> resultMeanTrain

resultMeanTrain =

   55.5714   55.5357   55.5000   55.3214   55.4643   55.3929   55.4286   55.5000
   55.5357   55.3571   55.6786   55.3571   55.6786   75.2817   55.8810   55.4643
   55.8214   55.8571   55.4643   55.4643   55.5000   86.4444   82.4127   55.6071
   58.0913   58.6706   58.3810   58.3333   59.8849   88.0079   86.3373   55.3571
  100.0000  100.0000  100.0000  100.0000  100.0000   91.1825   85.9127   77.5952
  100.0000  100.0000  100.0000  100.0000  100.0000   95.7381   86.7897   86.1151
  100.0000  100.0000  100.0000  100.0000  100.0000   98.4246   87.8492   86.0119
  100.0000  100.0000  100.0000  100.0000  100.0000   99.7143   91.7302   86.0992

>> resultVarianceTrain

resultVarianceTrain =

    1.2500    1.3437    1.1835    1.2473    1.2529    1.2473    1.6348    0.9703
    1.3119    0.9846    1.1284    1.0991    1.5419   16.6864    1.1115    0.9984
    1.3522    1.1234    1.3993    1.1480    1.2185    0.8167    2.5255    1.1123
    1.6571    2.2121    2.4123    1.9628    2.4276    1.3093    0.9520    1.2518
         0         0         0         0         0    0.9053    0.8701    9.9649
         0         0         0         0         0    0.3106    1.0857    0.5806
         0         0         0         0         0    0.2082    1.0491    0.6979
         0         0         0         0         0    0.0321    0.8230    1.2071

>>