pca accuracy 100% -> k=17
dlda accuracy 100% -> k=12

dlda result(just copy and pasted):
>> script_dlda

k =

     1


ans =

   17.3016


k =

     2


ans =

   79.2063


k =

     3


ans =

   94.7619


k =

     4


ans =

   97.6190


k =

     5


ans =

   98.7302


k =

     6


ans =

   98.7302


k =

     7


ans =

   99.0476


k =

     8


ans =

   99.5238


k =

     9


ans =

   99.5238


k =

    10


ans =

   99.8413


k =

    11


ans =

   99.8413


k =

    12


ans =

   100


k =

    13


ans =

   100


k =

    14


ans =

   100


k =

    15


ans =

   100


k =

    16


ans =

   100


k =

    17


ans =

   100


k =

    18


ans =

   100


k =

    19


ans =

   100


k =

    20


ans =

   100

>> 