>> script

bestCIndex =

     8


bestSigmaIndex =

     7


ans =

    40


ans =

    10


ans =

    69

>>

>> resultMeanTest

resultMeanTest =

         0         0         0         0         0         0         0         0
         0         0         0         0         0         0         0         0
         0         0         0         0         0         0         0         0
         0         0         0         0    0.5000   13.2000         0         0
   10.9000   11.4000   11.3000   11.2000   17.3000   44.4000    0.6000         0
   11.0000   11.5000   11.8000   11.0000   21.0000   65.8000   44.5000         0
   11.5000   11.4000   11.2000   11.4000   19.6000   67.9000   56.9000         0
   11.6000   11.2000   11.4000   11.0000   21.4000   67.9000   69.0000   25.3000

>> resultVarianceTest

resultVarianceTest =

         0         0         0         0         0         0         0         0
         0         0         0         0         0         0         0         0
         0         0         0         0         0         0         0         0
         0         0         0         0    6.7500  105.7600         0         0
  262.1900  302.0400  295.3100  270.5600  315.7100  208.6400    5.6400         0
  271.0000  286.7500  292.7600  291.0000  317.0000  182.3600  196.7500         0
  280.7500  298.0400  300.5600  288.0400  247.8400  192.5900  269.3900         0
  291.4400  274.5600  302.0400  265.0000  318.0400  222.5900  233.0000  176.9100

>> resultMeanTrain

resultMeanTrain =

         0         0         0         0         0         0         0         0
         0         0         0         0         0         0         0         0
         0         0         0         0         0         0         0         0
    0.6222    1.0889    1.1556    0.7333    6.3111   23.7000         0         0
  100.0000  100.0000  100.0000  100.0000   97.3000   61.0889    2.5333         0
  100.0000  100.0000  100.0000  100.0000  100.0000   90.1000   53.2556         0
  100.0000  100.0000  100.0000  100.0000  100.0000   95.5000   66.5333    0.3111
  100.0000  100.0000  100.0000  100.0000  100.0000  100.0000   85.2444   33.6111

>> resultMeanTest

resultMeanTest =

         0         0         0         0         0         0         0         0
         0         0         0         0         0         0         0         0
         0         0         0         0         0         0         0         0
         0         0         0         0    0.5000   13.2000         0         0
   10.9000   11.4000   11.3000   11.2000   17.3000   44.4000    0.6000         0
   11.0000   11.5000   11.8000   11.0000   21.0000   65.8000   44.5000         0
   11.5000   11.4000   11.2000   11.4000   19.6000   67.9000   56.9000         0
   11.6000   11.2000   11.4000   11.0000   21.4000   67.9000   69.0000   25.3000

>> resultVarianceTrain

resultVarianceTrain =

         0         0         0         0         0         0         0         0
         0         0         0         0         0         0         0         0
         0         0         0         0         0         0         0         0
    3.2672    3.7032    5.7758    2.8696   14.6143   41.7051         0         0
         0         0         0         0    1.0433   19.6291   30.5205         0
         0         0         0         0         0    3.1135   16.4260         0
         0         0         0         0         0    1.8611   13.7353    0.3723
         0         0         0         0         0         0    7.5822   56.6759

>> resultMeanTrain

resultMeanTrain =

         0         0         0         0         0         0         0         0
         0         0         0         0         0         0         0         0
         0         0         0         0         0         0         0         0
    0.6222    1.0889    1.1556    0.7333    6.3111   23.7000         0         0
  100.0000  100.0000  100.0000  100.0000   97.3000   61.0889    2.5333         0
  100.0000  100.0000  100.0000  100.0000  100.0000   90.1000   53.2556         0
  100.0000  100.0000  100.0000  100.0000  100.0000   95.5000   66.5333    0.3111
  100.0000  100.0000  100.0000  100.0000  100.0000  100.0000   85.2444   33.6111

>> 